%xlsread('RMB-3-123 - STATS.odf', 'STATS')

%Define time points for each fluorescence value
t = [11, 71, 131, 191, 251, 311, 371, 431, 491, 551, 611, 671, 731, 791, 851, 911, 971, 1031, 1091, 1151, 1211, 1271, 1331, 1391, 1451, 1511, 1571, 1631, 1691, 1751, 1811, 1871, 1931, 1991, 2051, 2111, 2171, 2231, 2291, 2351, 2411, 2471, 2531, 2591, 2651, 2711, 2771, 2831, 2891, 2951, 3011, 3071, 3131, 3191, 3251, 3311, 3371, 3431, 3491, 3551, 3611, 3671, 3731, 3791, 3851, 3911, 3971, 4031, 4091, 4151, 4211, 4271, 4331, 4391, 4451, 4511, 4571, 4631, 4691, 4751, 4811, 4871, 4931, 4991, 5051, 5111, 5171, 5231, 5291, 5351, 5411, 5471, 5531, 5591, 5651, 5711, 5771, 5831, 5891, 5951, 6011, 6071, 6131, 6191, 6251, 6311, 6371, 6431, 6491, 6551, 6611, 6671, 6731, 6791, 6851, 6911, 6971, 7031, 7091, 7151, 7211];

%Define Average/standard deviation pairs for each treatment
%In first pair, first array is an average:
A = [2120.666667, 2069.666667, 2040.333333, 2020.333333, 2004.333333, 1989.333333, 1976.666667, 1967, 1957.666667, 1949.333333, 1942.333333, 1935, 1929.333333, 1924.333333, 1919.666667, 1916.333333, 1912.666667, 1909.666667, 1905.333333, 1904.333333, 1901, 1896.666667, 1896, 1893.666667, 1890.333333, 1888.333333, 1887.666667, 1883, 1883.666667, 1880.666667, 1879.333333, 1877, 1876, 1874.666667, 1871.666667, 1871, 1869, 1867.333333, 1866.666667, 1865, 1864.333333, 1862.666667, 1860.333333, 1859.333333, 1858, 1855.666667, 1854.666667, 1853.666667, 1853, 1850.666667, 1850, 1848.333333, 1848, 1846.333333, 1844.666667, 1843, 1842, 1841.333333, 1840, 1838, 1837, 1836.666667, 1834.333333, 1834, 1832, 1832.333333, 1831, 1830, 1827.333333, 1827.333333, 1825.333333, 1825.666667, 1823.666667, 1821.666667, 1822, 1820.666667, 1819.666667, 1817.333333, 1818, 1816.666667, 1818, 1813.333333, 1814.333333, 1813.333333, 1812, 1810.666667, 1810.333333, 1808.333333, 1807.333333, 1807, 1804.333333, 1804.333333, 1803.666667, 1802.666667, 1801.333333, 1799.333333, 1799.666667, 1799, 1797.666667, 1797, 1796.333333, 1796, 1794.333333, 1793.666667, 1792, 1791.666667, 1790.333333, 1790, 1789.333333, 1788.333333, 1787.333333, 1785.666667, 1785.666667, 1785, 1785.333333, 1783.666667, 1781.666667, 1782, 1780.333333, 1780.333333, 1779.333333];
%In first pair, second array is a standard deviation:
B = [87.18562573, 98.10368664, 96.0017361, 96.34486667, 96.09023537, 92.87805625, 91.57692577, 92.50405397, 92.55448846, 91.22134253, 92.3543899, 93.40235543, 92.12129685, 92.72180614, 91.27065976, 90.97435536, 90.89187716, 89.53397865, 90.25704035, 90.61088971, 90.35485598, 90.16281569, 89.71621927, 88.82754828, 89.91292084, 89.27112262, 88.48917071, 90.35485598, 88.48917071, 88.82754828, 89.27112262, 89.03370148, 88.05112151, 88.16083787, 89.17585622, 88.05112151, 87.0689382, 86.63332692, 86.85812186, 85.4341852, 87.94505861, 87.50619026, 86.63332692, 85.65239829, 87.0689382, 87.17989065, 86.19938128, 86.52359986, 86.74675786, 88.16083787, 86.74675786, 86.63332692, 86.74675786, 87.61468674, 86.19938128, 87.7268488, 86.74675786, 86.63332692, 85.45759182, 87.41281371, 85.76712657, 85.8855828, 86.98467298, 86.74675786, 87.41281371, 86.98467298, 86.13361713, 86.13361713, 86.31531343, 86.68525442, 86.00775159, 85.58231905, 86.86387818, 87.84266238, 86.43494664, 85.28970239, 86.55826554, 86.68525442, 86.13361713, 86.26316325, 86.53323061, 87.08807802, 86.68525442, 86.39637338, 86.81589716, 87.23722447, 86.11813591, 87.78572397, 86.11813591, 86.26123115, 87.36894948, 86.11813591, 85.70492012, 86.67371766, 85.8506455, 87.08807802, 86.67371766, 86.26123115, 86.67371766, 86.53323061, 86.11813591, 86.53323061, 87.78572397, 85.97867953, 87.50428561, 86.67371766, 87.08807802, 86.26123115, 86.81781691, 86.81781691, 86.81781691, 86.9501773, 87.37467215, 86.26123115, 85.8506455, 87.37467215, 87.64321613, 86.26123115, 86.81781691, 86.55826554, 87.52333022];
%This continues!
C = [2247.75, 2188.25, 2152.25, 2125.75, 2106.25, 2090.25, 2074.5, 2061, 2048.75, 2035.75, 2024.75, 2014.75, 2004.25, 1994.25, 1984.25, 1976.75, 1969, 1960.75, 1954, 1949.5, 1942.5, 1935, 1929.5, 1923.5, 1918.25, 1912.25, 1908, 1902.25, 1897, 1892.75, 1887.75, 1882, 1877, 1873.25, 1868, 1863.25, 1859.75, 1855.5, 1850, 1847.25, 1842, 1837.75, 1834, 1830, 1826.25, 1821.75, 1817, 1813.75, 1809.25, 1805, 1801.25, 1797, 1793.5, 1789.25, 1785.25, 1781.25, 1777.5, 1774, 1770.25, 1767, 1762.75, 1758.5, 1756, 1752.25, 1748.25, 1744.75, 1741.25, 1738, 1734.5, 1731, 1727.25, 1723.75, 1720.75, 1717, 1714.25, 1710.25, 1706.5, 1703.75, 1700.25, 1697.5, 1694.75, 1690.75, 1688.25, 1684.5, 1681, 1677.75, 1674.75, 1670.5, 1668, 1664.5, 1661.5, 1658.5, 1655.75, 1652, 1648.5, 1646.75, 1643.5, 1640.25, 1638, 1635, 1631.5, 1628.75, 1626, 1623, 1620.75, 1617.25, 1613.75, 1610.75, 1608.75, 1605.5, 1603, 1600, 1597.25, 1594.25, 1591.25, 1588.75, 1586.25, 1583, 1580.75, 1578, 1575.75];
D = [58.65364439, 31.53173005, 19.58528359, 19.22455028, 17.80215343, 16.5, 15.80084386, 15.42724862, 15.2616076, 14.93039406, 14.45394986, 13.72042273, 12.97112177, 13.20037878, 13.45052663, 14.52297031, 14.16568624, 13.96125591, 15.1217283, 15.15475723, 15.15475723, 14.71960144, 15.94783162, 15.92691642, 15.56438242, 16.7207456, 15.4488403, 16.25576821, 17.18526501, 16.37833935, 17.44276354, 16.69331203, 16.75310916, 17.03672504, 16.0623784, 15.92430009, 16.7605688, 15.86400538, 16.37070554, 16.66083231, 15.89549202, 16.68082732, 15.89549202, 14.8548533, 16.11159003, 16.02862024, 15.89549202, 15.43534904, 15.96610994, 15.1217283, 15.96610994, 15.76916823, 15.69500982, 15.34872416, 15.34872416, 15.32699144, 15.69500982, 15.05545305, 15.90335394, 15.64182428, 15.30522787, 15.60982597, 15.59914528, 15.88238017, 17.07581135, 14.72809107, 15.30522787, 16.18641406, 15.69500982, 15.59914528, 14.7732867, 14.7507062, 15.37042615, 15.09966887, 15.37042615, 15.37042615, 15.06651917, 14.22146265, 13.81725974, 15.28615932, 13.81725974, 15.06375341, 14.5, 15.41644144, 14.71960144, 14.5, 13.93735986, 15.15475723, 15.16575089, 14.43375673, 14.43375673, 15.28615932, 14.08012784, 13.73559852, 14.29452109, 14.5, 13.72345923, 14.63728117, 13.73559852, 14.28285686, 14.43375673, 14.24488212, 14.65150732, 13.88044188, 14.24488212, 14.24488212, 13.6961065, 14.08012784, 13.6961065, 14.6173413, 14.07124728, 13.51542329, 13.37597348, 13.6961065, 13.35102992, 13.59840677, 13.88944443, 13.51542329, 14.103782, 13.73559852, 13.1497782];
E = [2413, 2250.75, 2163, 2098.5, 2044, 1997.25, 1955, 1917.5, 1881.5, 1848.75, 1817.5, 1788.25, 1759.75, 1732, 1706, 1682.5, 1659.75, 1637, 1615, 1595.75, 1575.75, 1557, 1537.25, 1520, 1502.5, 1486.5, 1471.75, 1456.25, 1441.25, 1427, 1414.75, 1401, 1389, 1376, 1364.25, 1352, 1340.5, 1331, 1320.75, 1311, 1301.25, 1291.5, 1282.25, 1273.25, 1265.5, 1257, 1250, 1241.25, 1234.5, 1228, 1220.5, 1213.75, 1207.75, 1200.75, 1195.5, 1189.5, 1183.5, 1178.25, 1172.25, 1167.25, 1162.25, 1156.75, 1152.75, 1148, 1144.25, 1139, 1136.25, 1131.75, 1127.75, 1124.75, 1121, 1117.25, 1114, 1111.25, 1107.75, 1105.25, 1102, 1099.5, 1095.5, 1094, 1091, 1089.25, 1086, 1084, 1081.25, 1079.5, 1076.5, 1075, 1072.75, 1070.25, 1069, 1066.75, 1065.25, 1063.25, 1062, 1060.5, 1058.5, 1057.25, 1055.75, 1054, 1052.5, 1051.75, 1050.25, 1048.75, 1047.5, 1046.5, 1045, 1044, 1043, 1041.5, 1040.5, 1039.5, 1038.75, 1037.5, 1037.25, 1036.75, 1034.75, 1033.75, 1033.5, 1032.5, 1031.5];
